482.4
482.1
480.4
479.1
480.5
483
480.4
477.8
476.5
479.8
485.5
481.8
478.2
478.6
480.9
479.5
478.6
479.6
481.9
507.4
507.7
500.1
534.7
554.8
561
598.5
651.7
700.9
857.9
1105.9
1346.2
1635.6
2020.6
2327.7
2753.4
2885
3266.5
3464.3
3598.6
3795
3797.2
3938.8
3964.5
3968.5
3975.5
3963
3948.7
3922.4
3953.4
3939.5
3982.6
3991.7
3929
3985.9
3949.9
3935.5
3910.2
3971.8
3968.1
3941.2
3856.3
3879.5
3776.4
3627.7
3471.6
3342.9
3171
2958.1
2748.3
2327.5
2223.8
1797.6
1483.1
1383.9
1224.2
975.8
876
775.3
699.5
740.4
617.1
628.8
574.6
543.9
576.4
534.8
510.7
501.2
499.7
486.4
486.2
489.5
483
473.3
483.9
481.3
482.8
482.5
481.4
477.1
478
480.2
486.8
479.4
479
479.7
474.7
479.2
