482.6
477.4
479.7
479.2
479.9
476.1
476.9
478.5
495.9
490.3
489.4
502.4
514.5 
492.1
518.4
557
601.4
581.1
601.8
692.2
766.3
750.2
778.8
849.8
840.3
1020.6
1205.2
1287.4
1658.3
1620.4
1870.6
2106.9
2269.6
2635.3
2888.4
3009.6
3213.5
3380.9
3484.1
3590.9
3659.5
3767.3
3803.3
3891.7
3823.6
3873.9
3896.4
3897.5
3921.9
3887.6
3877.5
3893.9
3846.5
3863.1
3719.8
3728.8
3630.6
3549.7
3334.2
3284
3245.4
3066.1
3038.3
2793.9
2586.6
2561.6
2290.2
2156.1
2097.8
1820.2
1833.2
1602.7
1367.2
1301.1
1157.1
1085.5
964.4
1016.3
898.7
747.8
754.8
727.1
664.4
641.1
629.7
612.4
596.6
548.5
537.6
519.7
527.9
534.3
502.4
500.4
505.5
503.1
490
496.9
502.1
490.4
479.9
481.5
479.1
485.1
479.1
481.2
482.5
490.4
