486.5
509.2
481.8
493.3
524
496.3
525.7
512.6
515.2
594.8
547.8
599.2
568.3
613.6
643.1
715.4
657.9
738.5
702.2
771.8
926.6
924
980.7
1119.1
1101.5
1212
1413.7
1460.2
1674.4
1796.6
1912.1
2182.9
2344.5
2483.6
2654.1
2721.7
3030.1
3006.5
3208.4
3366.8
3376.5
3499.8
3561.6
3558.9
3654.1
3694.2
3642.6
3673.8
3587.4
3595.2
3428.2
3510.8
3466.2
3422.9
3164.4
3185.8
3168.7
2945.8
2785.9
2662.6
2645.4
2434.3
2363.9
2233.5
2220.9
1996.2
1939.8
1783.5
1545.1
1520.8
1484.9
1359.4
1203.2
1179.7
1064.6
1075.9
1096.4
968.7
862
872.4
810.1
738.4
754
695.1
707.5
673.4
592
606.3
623.1
504.9
580.4
570.8
516.9
556.9
500.8
517.2
520.5
505.1
484.1
488
478.8
492.7
482.2
477.8
490.8
493.9
489.4
504
