493.7
497.9
504.5
506.6
524.5
495.7
515.9
548.4
565.8
573.3
562.9
600.7
627.9
641.2
694.6
791.9
814.1
750.5
775.5
827.8
893.1
989.2
1069.3
1118.7
1157.9
1274.3
1328.9
1418.8
1555.8
1568.9
1614.6
1778
1965.5
1928.4
2166.4
2265.3
2281.5
2677.2
2716.6
2809.2
2687.5
3016.9
3013.7
2918.1
3084.8
3166.7
3185.4
3160
3228.6
3140.9
3268.5
3181.3
3100.2
3041
2927.1
2829.7
2856.3
2822.6
2645.4
2471.3
2309.6
2254
2091.8
2079.5
1994.6
1830.8
1628.3
1671.1
1550.6
1502.8
1434.1
1337.3
1199
1177.6
1234.2
1090.1
1037.4
921
986.4
836.8
752.5
860.6
789.6
801.7
746.2
716.7
648.5
647.3
618.2
618.9
620.4
575.2
581.8
601
568.9
520.4
533.6
551.3
538.7
523.8
500.7
505.1
510.3
508.3
526.8
493.4
516.9
497.6
