578.1
530.8
565.9
606.9
585.6
700.8
620.2
641.6
655.6
663.7
711.6
746.5
697.3
840.7
852.3
818.6
1004.4
939.9
1116.2
1036.7
1020.5
1118.7
1138.2
1202.5
1305.6
1399.8
1347.3
1375.3
1585.8
1491.8
1674
1636.8
1767.4
1827.9
1754
1851.9
2040.3
2016.6
2088.7
2075.3
2106.9
2068.8
2097.8
2052.1
2220.9
2164.8
2296.2
2254.7
2191.9
2124.4
2213.3
2031.8
2152.2
1995
1927.8
1952.3
1947.3
1909.9
1810.1
1816.9
1638.5
1741.9
1579.5
1425.6
1470.7
1474.4
1406.9
1303.9
1234.9
1311.9
1167.6
1122.6
1141.5
1032.9
1073.3
899.4
928.5
894.4
926.7
901.1
822.7
778.9
752.3
793.9
748
669.8
727.7
722.5
652.7
634.3
664.2
656.6
621.5
616.2
582.7
599.2
585.8
598.1
580.5
540.3
546.4
528.8
529.4
542.6
558.9
547
563.4
550.5
