239
241
243
246
248
250
253
255
257
260
262
264
267
269
272
274
277
279
281
284
286
289
291
294
297
299
302
304
307
309
312
315
317
320
323
325
328
331
333
336
339
342
344
347
350
353
356
358
361
364
367
370
373
375
378
381
384
387
390
393
396
399
402
405
408
411
414
417
420
423
426
429
433
436
439
442
445
448
451
455
458
461
464
468
471
474
477
481
484
487
491
494
497
501
504
507
511
514
518
521
524
528
531
535
538
542
545
549
552
556
560
563
567
570
574
577
581
585
588
592
596
599
603
607
611
614
618
622
626
629
633
637
641
645
648
652
656
660
664
668
672
676
680
684
688
691
695
699
703
707
712
716
720
724
728
732
736
740
744
748
752
757
761
765
769
773
778
782
786
790
