1130
1125
1120
1115
1110
1105
1100
1094
1089
1084
1079
1074
1069
1064
1060
1055
1050
1045
1040
1035
1030
1025
1020
1015
1011
1006
1001
996
991
987
982
977
972
968
963
958
954
949
944
939
935
930
926
921
916
912
907
903
898
894
889
884
880
875
871
867
862
858
853
849
844
840
836
831
827
822
818
814
809
805
801
797
792
788
784
780
775
771
767
763
759
754
750
746
742
738
734
730
726
721
717
713
709
705
701
697
693
689
685
681
677
674
670
666
662
658
654
650
646
643
639
635
631
627
624
620
616
612
609
605
601
597
594
590
586
583
579
576
572
568
565
561
558
554
550
547
543
540
536
533
529
526
523
519
516
512
509
506
502
499
495
492
489
485
482
479
476
472
469
466
463
459
456
453
450
447
443
440
437
434
