9
9
10
9
11
10
10
10
9
11
10
10
11
11
10
10
10
10
9
10
10
9
9
11
10
9
10
10
9
10
11
11
10
10
10
10
9
11
10
10
10
11
9
10
10
12
9
10
10
10
10
10
11
10
10
9
10
9
10
10
10
10
10
9
9
10
10
11
11
11
10
10
11
10
11
10
11
9
11
11
10
10
10
10
12
10
11
10
10
10
10
9
11
10
12
11
10
10
11
10
9
10
11
10
10
10
10
10
10
9
10
9
10
10
10
9
11
11
11
12
15
16
12
15
16
16
14
15
16
10
11
11
11
11
11
9
10
11
10
10
11
13
15
25
31
33
33
33
35
33
34
34
33
34
34
34
33
31
33
31
33
33
34
35
35
35
35
32
13
10
10
10
10
10
11
12
11
11
12
11
15
23
35
37
36
36
36
36
37
36
37
32
31
32
29
29
31
35
37
39
34
31
31
47
51
51
51
52
54
55
55
56
56
56
57
58
58
58
58
59
58
57
54
55
57
56
63
63
63
63
63
63
63
63
63
63
63
65
67
67
68
68
70
70
69
67
68
69
71
71
74
75
76
77
77
79
80
80
80
81
79
79
78
76
75
77
76
77
82
82
82
83
84
85
89
92
93
94
95
94
95
96
96
96
95
97
99
100
102
103
107
108
108
111
112
111
113
113
113
112
112
109
106
104
104
103
102
98
96
92
88
80
69
56
44
32
20
12
10
10
10
10
11
10
10
9
10
10
10
11
10
9
11
10
10
9
10
11
10
11
10
10
10
10
10
11
11
10
11
10
9
10
10
11
11
11
10
9
10
10
11
11
11
13
14
15
19
19
24
24
19
21
21
15
16
14
14
14
15
16
