10
9
10
9
10
10
9
9
10
10
9
10
10
10
9
10
9
10
10
9
9
10
9
10
10
9
10
10
10
9
9
9
10
10
9
10
10
10
10
10
9
9
10
9
11
12
14
17
20
22
19
16
12
10
10
10
10
10
9
10
12
12
11
11
11
12
12
11
12
12
12
12
13
13
12
12
14
23
30
31
31
31
28
29
31
31
31
31
31
31
32
30
30
29
29
31
30
28
31
31
33
33
33
33
34
34
34
34
35
35
34
24
17
14
12
10
11
9
14
12
10
9
9
11
11
13
16
11
9
10
11
15
27
31
39
39
40
41
41
41
36
32
26
19
14
12
10
8
9
10
12
15
18
23
25
24
18
19
21
16
19
31
47
48
45
40
43
48
47
51
52
49
36
19
12
10
9
9
9
9
9
8
10
9
9
10
9
10
8
10
9
9
10
10
9
10
10
9
9
10
9
9
10
10
10
9
9
10
9
8
10
10
9
10
10
10
9
9
9
9
10
10
9
12
23
35
36
38
36
35
32
26
22
16
11
12
10
11
11
11
13
15
17
23
24
23
21
24
22
24
24
22
23
21
23
22
21
21
21
20
21
19
20
20
19
19
19
19
19
19
16
18
17
18
17
18
17
17
17
18
18
19
18
17
15
13
12
12
10
10
11
9
10
9
9
9
10
10
10
10
10
9
9
9
9
9
12
11
10
9
9
11
13
14
13
9
10
9
10
9
10
9
9
10
10
9
10
10
10
9
9
10
9
10
9
9
10
11
23
38
39
43
43
45
45
46
46
46
46
44
46
45
45
44
34
27
26
31
42
37
33
23
16
14
19
28
28
30
34
39
37
32
34
25
16
10
9
