11
11
10
10
10
9
10
10
10
10
10
9
10
10
10
10
10
11
10
9
9
10
10
10
10
10
9
10
8
9
9
9
9
9
8
7
7
8
8
9
8
10
10
15
21
23
28
30
31
35
37
39
40
41
45
46
47
44
40
42
42
47
52
51
51
52
51
52
50
40
39
53
54
55
58
59
59
63
67
69
70
71
70
70
72
71
72
73
75
76
75
75
75
74
73
48
20
23
47
71
76
78
76
74
64
28
12
10
15
55
74
75
66
52
32
33
47
63
71
74
72
50
50
55
65
50
32
20
16
15
13
10
10
23
24
21
23
31
31
51
52
49
48
48
46
45
44
43
40
39
37
36
31
24
17
17
16
19
16
14
11
10
10
9
10
13
19
19
17
13
12
14
12
11
10
10
9
9
9
10
10
10
10
10
9
10
10
10
10
10
10
10
9
8
9
10
9
9
10
9
10
9
8
9
8
9
8
8
8
10
10
10
11
15
19
31
37
43
46
50
50
51
52
54
56
52
36
39
25
19
19
44
39
40
16
24
13
15
27
37
45
47
46
47
51
53
52
36
12
10
10
9
10
10
10
9
10
10
11
11
15
10
9
10
9
11
23
19
17
13
11
11
10
11
10
9
10
9
10
10
9
10
10
10
10
10
9
10
8
9
9
10
9
10
9
10
10
10
10
10
10
10
11
9
10
9
9
11
10
10
9
12
10
9
10
10
11
10
10
9
9
10
9
10
10
11
9
10
10
10
9
10
10
10
9
9
9
9
10
9
10
9
9
10
10
9
9
10
9
9
10
9
11
10
10
10
11
11
11
12
13
15
18
15
13
12
13
19
18
19
19
18
19
19
18
19
19
