208
210
209
209
208
209
209
209
208
208
208
209
209
208
209
209
209
209
208
209
209
209
209
209
209
209
208
209
208
209
209
209
209
209
209
209
208
209
209
210
209
209
209
209
210
209
209
210
209
209
209
210
210
209
209
209
210
209
209
209
210
208
210
210
210
209
210
210
210
209
209
209
209
210
209
209
209
209
210
209
209
210
209
209
209
209
209
209
209
209
209
209
209
209
209
209
208
209
209
209
209
209
208
209
208
209
208
208
208
209
209
209
209
208
208
208
207
208
208
209
207
207
208
208
208
208
208
209
209
208
207
208
208
207
208
209
208
207
208
208
208
208
207
208
208
207
208
207
208
207
208
208
208
208
207
208
207
208
207
207
208
207
207
208
207
207
208
207
207
207
208
208
208
207
208
207
207
207
208
207
208
207
207
207
207
207
207
207
207
207
207
208
207
207
208
207
208
207
206
207
208
207
208
207
207
207
207
207
207
207
207
207
206
207
207
207
207
207
206
206
207
207
206
207
207
206
207
207
207
207
207
206
206
207
207
207
207
206
207
207
206
207
207
206
207
206
207
206
207
207
206
206
207
207
206
207
207
207
207
206
206
207
207
207
207
206
207
207
207
206
207
207
207
207
207
207
206
207
207
207
206
206
206
206
206
207
207
206
206
207
206
206
207
207
206
206
206
206
206
207
206
207
206
206
206
206
206
206
206
205
206
206
206
207
205
206
206
206
206
206
206
206
206
206
206
206
205
206
206
205
206
205
206
205
205
206
205
206
205
205
205
206
205
204
205
205
205
205
205
205
206
205
205
205
206
206
205
206
205
205
205
204
206
205
204
205
205
206
205
205
205
205
205
205
205
204
205
205
204
205
203
205
204
204
204
204
205
204
206
204
204
204
205
205
204
204
204
204
204
204
205
205
205
205
204
204
204
204
204
205
203
204
203
205
205
203
204
204
204
204
204
205
204
204
204
204
204
203
203
204
204
204
205
204
203
204
203
204
203
203
204
204
203
204
203
203
203
203
203
202
202
202
203
202
202
203
203
204
202
203
203
203
203
203
203
203
202
203
202
203
203
203
202
202
203
203
203
202
202
203
202
202
202
203
202
202
202
202
202
203
202
202
202
203
203
203
202
202
202
201
202
203
203
202
203
202
202
202
203
202
203
202
202
202
201
201
201
202
201
201
201
201
201
201
201
201
201
200
200
202
201
201
201
201
201
201
201
201
201
200
200
201
201
200
200
201
199
201
200
200
199
200
200
200
201
199
200
199
201
200
200
200
200
201
200
200
199
199
199
199
200
201
200
199
200
200
199
200
199
199
199
200
199
199
199
199
199
200
199
199
199
199
200
198
199
199
199
199
198
199
198
199
199
199
198
199
199
198
199
198
199
199
198
198
199
199
198
199
198
199
198
197
198
199
198
199
198
198
198
198
198
198
198
198
199
198
198
199
198
198
198
199
197
197
198
198
198
198
197
198
198
198
198
198
198
198
197
198
197
197
198
197
198
197
197
196
198
197
198
197
197
197
197
196
196
196
198
197
196
197
197
197
197
197
197
196
197
198
197
197
196
196
196
197
196
195
197
195
197
197
196
195
197
196
196
196
197
196
196
196
196
197
196
196
196
196
197
197
197
195
196
196
196
196
196
197
195
196
195
197
197
196
196
196
197
195
196
195
196
195
196
195
195
196
195
195
195
195
195
195
195
196
195
195
195
195
195
195
195
195
195
195
195
195
195
195
195
195
195
195
194
195
195
196
195
195
195
195
194
194
195
194
194
194
194
194
195
194
194
193
194
194
193
194
193
194
195
194
194
193
194
194
194
193
193
194
193
193
193
193
193
193
193
194
193
193
194
194
193
193
193
193
193
193
193
194
194
193
194
193
193
194
193
193
194
194
194
194
194
194
194
194
193
193
193
193
193
194
193
193
193
193
193
194
193
193
193
193
193
194
192
194
193
193
192
193
193
193
193
193
192
194
192
192
193
192
192
192
192
192
192
193
192
192
192
192
192
192
192
192
193
192
192
192
192
192
192
192
192
192
192
192
193
192
193
192
192
192
192
192
193
192
192
192
192
192
192
192
192
192
192
192
192
192
192
192
192
190
192
192
192
192
192
192
189
190
190
190
190
192
190
189
192
189
189
189
190
189
189
189
190
188
188
188
189
189
188
188
188
189
190
189
189
188
190
189
187
188
187
188
189
189
189
188
188
188
188
188
188
188
188
188
188
187
188
188
188
187
187
187
188
187
188
188
188
188
188
188
188
188
186
188
187
187
187
187
187
187
188
185
186
187
186
186
187
186
188
187
186
186
186
186
185
185
186
186
186
185
186
186
185
185
185
185
185
185
185
185
185
185
185
185
185
184
184
185
185
184
186
184
184
183
184
184
183
186
184
184
184
183
185
184
183
183
183
184
184
184
184
184
183
183
184
183
183
182
184
184
183
182
183
184
183
183
183
184
183
183
182
183
181
181
183
182
182
183
182
182
184
183
182
183
182
181
182
182
182
182
183
182
183
182
182
181
183
184
181
182
182
183
182
182
182
183
182
181
181
181
181
180
181
179
179
182
180
180
182
181
180
180
180
180
179
180
179
179
180
180
179
179
179
178
178
179
178
179
177
177
179
179
179
178
178
178
179
177
177
178
177
178
177
176
178
178
177
177
177
177
177
176
176
177
178
175
177
176
176
177
175
176
176
177
176
174
176
175
176
174
176
176
175
176
176
173
174
175
176
175
175
176
175
174
175
175
175
174
175
175
174
174
174
173
174
173
175
174
174
173
173
174
174
173
172
173
173
171
172
172
173
171
173
171
171
172
173
172
172
172
172
172
171
172
172
170
173
171
172
171
170
171
171
171
172
171
172
171
173
172
171
172
171
171
171
171
170
171
171
171
170
171
170
172
169
170
171
170
171
170
169
169
171
170
169
170
169
170
169
168
167
169
169
167
167
167
168
167
167
167
167
168
168
167
166
167
165
166
165
166
165
165
164
165
165
165
164
163
164
164
164
163
163
163
163
161
163
162
163
163
163
163
164
162
163
163
161
162
161
162
162
159
162
162
162
161
162
163
163
162
162
163
163
162
163
161
163
162
162
162
162
163
162
161
162
163
162
162
159
160
159
162
161
159
160
161
161
159
159
160
160
159
159
159
159
159
160
159
159
159
159
159
158
157
158
159
159
158
158
158
158
159
159
157
158
157
157
159
157
158
158
157
157
158
156
158
158
157
158
158
158
158
157
155
155
159
158
156
155
156
159
157
157
156
157
156
156
156
156
156
156
155
154
153
153
153
154
155
155
153
151
153
152
152
152
151
151
152
148
151
152
152
151
152
150
150
149
150
147
149
149
147
149
148
147
146
147
149
148
148
149
147
148
148
149
149
150
148
147
148
148
146
147
147
146
147
148
146
147
148
149
147
147
146
148
146
144
146
146
147
146
146
144
145
146
143
144
143
144
143
145
144
144
143
143
144
145
142
144
143
142
142
144
143
144
141
145
143
144
143
143
143
144
143
146
144
145
144
144
142
141
143
142
141
143
141
142
140
139
139
139
142
144
139
142
140
138
139
138
138
138
137
136
138
136
139
136
134
135
137
135
135
132
134
136
136
135
130
136
134
132
134
130
130
131
130
130
131
129
129
130
129
127
128
129
128
128
124
126
123
127
124
124
123
123
125
124
125
123
124
125
124
125
123
123
124
124
125
125
123
126
124
126
122
124
124
125
124
122
123
126
123
124
119
122
121
124
122
120
120
120
120
120
117
117
113
115
115
116
116
115
113
116
113
