117
117
116
117
115
117
116
118
116
117
116
116
117
116
115
117
117
118
116
117
116
117
117
117
116
116
115
115
116
115
117
116
115
116
117
116
115
116
115
115
115
115
115
115
115
116
116
113
114
115
115
115
113
114
113
114
113
115
114
113
115
114
115
114
114
114
113
115
114
113
114
113
112
113
113
114
112
113
113
114
113
113
113
113
113
112
113
112
112
113
112
112
113
112
113
112
111
113
111
113
111
112
112
111
112
111
113
111
112
112
112
111
111
111
111
110
112
111
110
111
110
110
111
112
110
111
112
111
112
111
110
110
110
109
110
110
110
109
111
111
110
109
111
109
111
110
109
110
109
110
109
108
110
109
110
109
109
108
110
110
110
109
109
109
108
107
109
108
108
108
107
108
107
109
108
108
107
107
107
108
109
107
108
109
107
108
107
108
106
107
106
107
107
107
108
108
108
108
106
106
107
106
106
105
106
107
107
105
106
107
105
105
104
106
105
106
105
105
105
106
105
106
106
106
105
104
105
104
105
104
104
105
105
106
104
104
104
103
104
105
105
103
105
104
103
104
105
104
104
104
103
105
103
102
104
103
104
104
103
103
103
103
102
103
103
103
103
104
103
103
103
103
103
103
103
103
101
102
103
101
101
102
102
102
102
103
102
101
102
102
101
100
102
102
101
101
100
100
101
101
102
101
101
99
102
100
101
101
99
101
99
101
101
100
99
100
99
100
100
99
100
99
100
99
100
99
100
100
99
98
99
99
99
98
99
98
99
100
98
98
99
99
99
99
98
99
98
98
98
97
98
98
98
99
99
99
97
99
97
99
99
98
98
98
97
98
98
98
98
98
97
97
96
98
98
96
96
97
96
96
97
97
97
96
98
97
96
97
96
96
96
96
95
96
96
96
96
96
95
96
96
96
96
96
96
94
96
96
96
96
96
96
96
96
95
96
94
96
95
95
93
95
95
94
96
94
96
94
96
96
93
94
93
93
96
95
93
94
96
95
94
93
93
93
93
94
94
93
94
93
94
93
93
92
92
92
93
93
94
92
94
94
92
94
94
93
92
93
91
92
91
91
91
91
93
93
92
92
92
92
91
91
90
92
91
91
92
91
92
91
92
92
90
91
91
90
90
92
90
91
89
91
89
91
91
90
89
89
92
90
92
90
92
92
92
92
90
91
89
91
90
90
90
90
90
89
90
89
90
89
90
90
89
90
90
90
89
88
89
90
89
89
88
89
89
89
88
89
87
88
88
88
89
88
88
88
88
88
89
88
88
87
88
88
88
88
88
86
88
87
86
87
88
88
87
88
88
88
87
87
87
88
86
87
87
87
85
86
85
87
86
86
87
87
87
88
88
87
88
88
88
88
88
87
87
86
87
87
86
87
86
85
86
86
86
85
86
86
85
86
86
84
86
84
84
85
85
85
85
86
86
85
86
85
84
85
85
85
83
85
84
86
85
84
85
83
83
85
83
83
83
84
85
83
83
84
83
83
84
83
83
84
83
83
83
81
82
84
84
83
84
82
84
83
83
82
83
81
81
81
81
82
82
81
82
83
84
84
82
82
84
83
83
83
82
81
84
83
82
82
81
81
82
81
82
82
82
82
82
81
81
81
82
82
80
82
81
81
81
81
79
81
82
79
82
80
80
80
79
81
79
80
81
81
80
81
79
80
79
81
81
79
80
79
81
80
78
81
80
80
79
79
79
79
80
80
79
79
79
79
79
79
80
79
78
78
79
79
79
79
80
79
78
80
79
80
79
79
80
78
79
80
80
79
79
79
78
79
79
79
78
79
78
77
78
79
78
77
77
78
77
78
78
77
78
77
78
78
78
78
77
78
77
77
76
78
76
76
78
76
77
76
76
77
76
78
76
76
75
77
76
75
75
75
76
75
76
75
76
76
77
75
75
77
77
76
76
75
76
75
76
74
76
75
76
75
75
77
75
76
76
76
76
75
77
76
76
76
75
77
76
77
75
75
76
75
76
76
76
74
75
75
75
74
74
73
73
74
75
74
74
75
74
74
73
75
73
74
73
74
74
73
74
74
74
75
73
73
73
74
72
74
72
74
73
71
73
72
74
73
74
72
74
73
72
73
73
73
71
73
72
71
72
71
72
71
71
72
71
72
73
72
72
71
71
72
72
72
71
71
72
71
73
71
73
71
71
73
72
74
72
74
73
72
73
73
73
73
72
73
72
72
73
73
71
72
73
71
72
71
71
72
71
72
71
71
70
72
70
72
70
71
71
70
71
71
70
71
71
71
70
69
69
71
69
69
70
70
70
70
69
69
70
70
70
69
70
70
68
69
69
69
68
70
68
69
69
69
70
69
69
68
69
69
69
69
67
69
69
69
67
69
70
70
69
68
70
71
70
70
71
71
70
69
71
70
69
70
70
69
70
69
70
68
68
69
69
69
67
67
69
68
68
68
67
68
67
68
68
69
67
67
67
68
67
68
67
67
66
68
67
68
67
68
67
68
67
67
67
68
68
67
66
65
67
67
66
65
67
67
66
67
67
67
67
66
66
65
66
66
67
66
66
66
63
66
65
66
66
67
67
67
68
68
67
67
68
67
67
68
68
67
67
66
66
66
67
66
66
65
66
65
67
66
65
65
65
63
65
63
63
67
63
63
66
66
66
66
64
63
63
63
63
66
63
65
63
63
63
63
63
65
64
63
63
63
65
64
65
63
63
63
63
63
64
63
63
63
63
63
63
63
63
63
63
63
63
62
62
62
63
63
63
63
63
63
63
63
65
65
63
64
63
65
65
63
65
64
63
65
63
63
63
63
65
63
63
63
63
63
63
63
63
63
63
63
63
62
63
63
63
62
63
63
63
62
62
62
63
62
62
63
63
63
63
63
62
61
63
63
61
62
62
61
63
62
62
61
61
61
62
62
63
61
61
62
62
61
62
61
61
60
62
60
61
62
61
62
62
62
63
62
62
63
63
63
62
63
62
63
62
61
62
62
61
62
63
62
62
62
61
61
62
60
62
61
61
60
61
62
60
61
60
62
60
60
62
61
62
62
61
60
62
62
61
60
61
61
59
60
60
61
61
60
60
61
59
61
59
60
59
60
60
60
60
60
60
60
60
59
59
60
59
60
60
60
59
60
60
59
59
60
60
59
60
60
61
59
61
61
60
60
61
59
61
60
60
59
60
59
60
59
61
59
60
60
59
60
60
60
59
59
60
58
60
59
60
59
60
60
59
60
58
60
59
58
59
58
59
59
59
59
58
59
57
57
58
58
58
59
57
58
57
58
57
59
57
58
57
57
57
57
58
58
58
57
58
59
60
59
59
59
59
59
59
57
59
59
58
58
58
58
58
58
58
58
58
58
58
58
58
59
59
57
57
57
58
58
58
57
58
58
57
58
58
57
57
58
57
58
57
58
57
57
58
57
56
58
58
58
58
57
58
58
57
56
57
57
57
55
57
55
57
56
56
55
57
56
56
56
57
56
58
56
56
58
58
57
56
58
57
58
58
56
58
56
57
58
57
57
56
58
57
57
57
57
58
57
58
58
56
57
58
58
55
57
58
57
57
56
55
56
57
55
56
56
57
55
57
56
55
56
56
56
56
57
55
56
55
55
54
56
55
54
55
56
54
56
56
55
55
55
55
56
54
54
54
56
54
55
54
56
56
56
55
56
55
57
55
56
56
56
56
56
56
57
56
55
56
56
56
55
56
57
56
56
56
54
56
55
54
56
55
55
56
56
55
55
56
55
54
55
55
56
54
53
54
53
55
55
54
56
53
55
55
54
54
53
54
53
53
55
54
54
55
53
55
55
54
54
53
53
54
54
53
54
54
54
52
53
54
52
53
53
54
54
54
54
55
53
53
54
54
54
56
54
55
53
54
55
55
53
54
54
55
53
54
56
54
55
53
54
53
54
53
53
54
54
54
53
52
52
53
53
54
53
54
54
54
53
54
52
52
53
54
53
53
52
53
52
52
53
53
54
53
54
53
53
53
53
53
52
53
53
51
52
51
51
52
52
51
51
53
52
52
51
51
52
51
51
51
54
52
53
51
53
52
52
53
53
53
53
54
53
53
52
51
52
52
53
52
53
53
53
53
53
52
53
51
53
53
52
51
53
53
51
53
53
53
51
53
52
52
53
51
51
52
51
52
51
52
52
52
52
52
52
51
51
52
50
52
51
51
50
50
52
52
50
50
50
52
50
51
52
50
51
52
52
52
52
51
51
50
50
51
49
50
50
50
49
52
51
51
50
50
49
49
50
50
51
50
51
51
50
51
50
52
52
51
52
51
52
51
52
51
51
52
51
52
51
52
52
52
51
51
52
52
52
51
52
50
50
51
50
50
51
49
50
50
50
51
50
51
50
51
51
50
49
50
50
51
50
51
49
49
50
50
51
49
50
49
49
49
51
49
49
49
50
50
50
50
50
49
48
50
49
50
49
50
50
50
49
50
49
49
49
48
50
50
48
49
50
49
49
49
49
50
49
49
50
50
49
49
50
49
51
50
50
49
48
49
50
48
49
49
49
50
49
49
49
49
49
50
50
50
49
49
49
48
49
48
49
50
48
49
48
49
48
48
48
50
49
49
48
49
48
49
49
48
49
48
49
49
48
49
49
48
48
47
48
47
49
48
47
47
48
48
48
48
48
48
48
47
48
48
48
48
46
48
47
48
47
48
48
48
49
47
47
48
48
48
48
48
47
49
49
48
49
47
48
47
48
49
48
48
48
48
48
48
48
48
49
48
48
48
46
48
48
47
47
46
48
48
46
48
47
48
47
48
48
46
48
48
46
48
46
48
48
48
47
48
47
48
46
48
45
48
46
46
48
47
47
46
46
47
48
48
46
46
45
45
46
46
46
46
45
46
46
48
45
46
45
47
46
47
45
45
45
45
45
47
48
45
46
47
47
47
47
48
48
46
47
45
48
48
48
47
48
48
47
47
48
47
48
47
46
47
45
46
47
46
46
45
45
46
46
48
45
48
46
47
45
46
45
45
46
46
46
46
45
