482.4
478.75
479.9
479.05
482.4
482.2
483.5
479.65
480.95
479.45
482.55
483.8
486.1
482.85
482.35
483.65
479.55
480
483.75
481.5
484.65
484.05
484.1
485
482.9
486.15
483.05
485
482.85
486.5
485.8
483.35
494.75
857.3
2398.35
3565.75
3846.35
3885.2
3950.75
3950.2
3925.3
3932.8
3941.6
3926.4
3947.4
3930.15
3958.65
3913.95
3934.75
3963.5
3979.8
3963.8
3962.35
3961.3
3955.85
3933.7
3955.65
3947.9
3944.2
3948.5
3951.95
3974.75
3964.35
3948
3944.95
3972.85
3945.6
3929.35
3891.2
3771.6
3074.25
1184.3
525.65
479.2
481.75
482.3
480.95
479.5
480.25
480.35
478.95
479.55
479.6
478.2
480.65
480.75
483.5
483.95
481.45
480.6
477.35
477.55
481.55
484.55
484.35
483.05
482.3
481.4
480.9
482.3
481.85
480.65
480.8
480.65
479.9
479.6
483.75
483.6
