92
92
92
92
93
92
92
93
92
92
91
91
92
91
93
91
94
94
92
91
91
92
92
92
92
92
92
92
90
92
92
94
91
92
94
91
93
92
93
91
93
94
91
92
92
92
92
92
92
92
92
93
93
93
93
93
92
93
94
92
93
92
92
94
93
92
92
93
92
92
93
93
93
92
92
93
93
93
92
93
92
92
93
92
92
93
91
92
92
93
92
95
92
92
96
92
92
91
93
91
92
93
93
94
93
92
92
93
92
93
94
92
91
93
92
91
92
92
93
92
94
92
93
92
92
93
92
94
92
93
91
93
93
93
92
91
92
92
92
91
91
92
92
92
92
92
92
93
91
91
92
92
94
92
93
93
93
92
92
92
92
92
91
94
91
93
91
92
