54
52
53
52
53
52
53
53
53
53
53
53
53
53
54
54
52
53
52
53
54
53
53
53
53
53
52
52
53
53
53
53
54
53
54
54
53
54
53
53
53
53
53
53
54
53
52
51
54
53
52
54
53
53
53
53
53
53
53
53
53
53
53
52
53
54
53
54
53
53
53
53
53
53
53
54
53
54
53
53
53
53
53
53
53
52
53
52
53
53
52
53
52
52
52
54
53
53
53
53
54
53
52
53
53
52
53
52
53
53
53
52
53
53
54
53
53
53
53
52
53
54
54
52
54
52
52
53
52
53
53
53
53
54
53
52
53
53
53
51
52
54
52
53
54
53
52
52
53
53
54
53
54
53
53
52
53
52
52
53
52
52
54
53
53
53
52
52
