191
202
207
209
208
207
224
228
208
224
225
208
225
195
212
203
203
199
204
210
204
203
214
199
200
206
225
199
216
224
224
206
203
224
207
201
224
206
211
199
196
199
203
208
204
202
203
195
204
208
195
224
196
196
194
202
225
205
200
204
197
224
205
201
208
220
199
209
217
223
198
228
199
204
204
201
204
203
209
210
205
199
198
217
208
201
202
228
204
205
201
199
228
203
212
205
208
224
219
225
207
224
207
216
202
204
199
224
198
204
212
199
206
224
224
209
207
206
209
206
198
212
214
208
203
209
213
204
197
200
216
224
224
204
202
214
224
201
201
208
226
191
224
204
204
204
209
209
216
203
224
202
203
211
224
212
200
201
224
205
209
204
219
190
204
191
194
191
198
224
204
198
201
195
204
201
201
209
224
225
197
201
224
210
203
224
201
224
226
206
205
201
197
197
199
191
208
204
208
217
203
202
198
196
213
224
208
210
216
197
204
201
224
204
224
228
224
206
222
226
212
206
205
207
201
198
225
205
220
225
206
224
202
210
199
218
224
195
214
236
206
206
210
203
206
211
203
199
203
207
240
195
224
205
207
226
207
212
206
208
209
224
224
224
220
220
223
216
211
204
202
197
228
225
206
206
213
206
221
224
208
232
224
224
206
210
204
202
224
211
205
201
224
199
203
228
195
225
204
234
225
199
202
200
228
199
204
217
232
224
202
213
224
213
199
221
198
203
207
220
210
225
224
232
216
206
214
210
232
207
210
204
204
224
205
225
224
213
208
214
215
204
220
228
220
211
201
203
224
220
212
203
213
224
209
207
205
205
213
207
216
206
225
197
214
199
225
211
199
205
232
226
210
203
213
203
204
206
199
240
210
224
210
212
204
199
199
209
203
197
214
228
209
207
196
193
207
226
225
198
199
216
203
224
202
209
207
203
194
212
224
226
205
199
206
220
206
208
220
227
224
202
224
230
225
199
200
209
206
204
199
216
207
209
199
208
224
222
232
206
216
224
206
202
199
214
232
217
220
206
220
209
202
199
199
212
217
199
212
228
203
200
225
224
213
212
214
208
224
208
212
208
208
204
203
200
220
205
207
222
209
216
212
209
225
208
206
210
224
212
205
225
216
194
224
213
203
200
224
206
197
197
205
202
228
206
208
197
196
197
210
202
226
216
191
205
191
204
224
210
196
198
201
197
208
224
198
203
224
217
201
196
191
216
204
211
204
191
202
201
191
195
203
224
208
216
224
210
201
197
224
198
208
217
198
195
224
228
208
208
200
224
200
224
204
197
209
211
197
200
200
200
224
202
202
214
201
224
202
201
204
191
202
224
206
204
212
226
208
222
204
207
208
201
204
207
198
236
207
208
224
210
199
224
213
205
208
225
216
215
207
199
207
208
219
204
216
208
222
201
232
204
214
224
209
203
209
216
209
201
224
205
223
199
204
208
225
209
216
224
215
207
224
200
224
202
207
204
218
204
208
207
203
200
224
213
199
224
224
211
209
212
228
202
207
212
206
207
224
236
205
206
199
203
204
198
203
210
200
209
202
204
207
196
199
228
200
226
199
199
224
207
207
224
219
206
207
226
209
210
199
208
203
216
207
214
206
212
226
207
205
207
199
203
201
209
201
221
224
207
199
227
208
199
206
206
224
207
197
209
220
206
216
207
199
209
211
208
228
209
206
207
224
203
197
212
203
228
211
202
208
207
199
224
206
215
211
208
217
203
220
199
201
224
202
209
199
224
215
224
232
204
224
199
206
201
215
215
203
209
211
203
216
206
211
204
207
225
199
212
207
201
217
201
206
206
226
224
204
206
226
208
220
206
216
206
209
216
207
224
200
220
208
226
201
224
207
207
202
208
219
205
204
207
199
206
207
202
202
212
213
226
199
212
207
203
232
207
224
210
220
200
222
203
203
209
199
216
199
224
232
203
208
220
199
229
199
215
203
208
224
199
208
205
209
205
224
223
199
224
199
207
226
224
208
203
224
209
227
203
207
226
209
211
207
220
202
224
224
225
214
222
203
198
228
224
201
213
207
224
217
224
211
204
225
211
207
207
205
208
224
230
205
224
206
203
228
224
216
236
207
199
227
197
203
199
212
225
203
206
232
205
203
199
227
208
199
232
207
210
213
232
199
224
213
203
207
212
204
207
207
205
201
224
203
199
212
208
220
204
224
208
240
205
224
204
224
203
240
222
199
224
207
205
226
207
202
206
204
224
206
224
203
204
207
224
208
225
212
207
211
199
203
207
207
204
207
224
213
220
209
203
199
207
224
201
204
207
231
195
225
208
234
200
207
224
230
203
224
203
198
201
208
232
226
215
201
209
203
224
224
206
207
224
215
203
224
209
234
208
209
199
205
198
212
198
203
224
222
206
207
201
203
228
207
202
204
232
202
204
202
203
195
195
204
212
224
207
206
224
217
207
220
206
200
216
215
224
217
200
213
212
199
232
200
216
216
