71
96
75
69
84
84
71
82
96
80
75
77
83
63
82
96
71
77
80
81
89
79
76
92
79
82
102
63
96
88
78
92
89
82
96
77
77
82
96
76
73
84
78
81
98
75
81
100
81
77
80
71
96
82
96
78
88
79
80
96
75
82
83
98
88
82
91
77
86
77
87
98
86
89
75
81
79
78
89
90
80
84
75
84
75
83
71
83
79
84
78
96
78
97
77
75
104
89
78
100
81
77
80
75
76
89
96
88
78
77
87
76
80
98
88
112
79
88
102
88
96
84
84
80
81
81
84
82
102
82
97
101
79
98
84
83
87
77
87
87
98
76
104
96
78
94
96
97
81
87
100
88
103
79
92
90
82
82
104
92
93
86
102
86
86
112
86
93
92
84
83
78
86
87
84
88
90
87
92
77
89
90
108
84
87
98
98
91
80
108
94
88
83
79
85
85
96
82
80
96
96
82
96
79
83
87
79
87
85
88
84
79
84
94
79
89
77
83
85
84
96
98
79
83
92
92
88
89
85
83
105
96
96
96
86
80
86
89
79
87
84
89
85
100
92
79
112
92
87
81
108
79
83
96
98
106
96
96
92
79
80
108
87
96
84
112
83
96
90
100
94
94
85
104
84
86
97
99
90
79
79
84
94
83
77
82
89
96
75
96
78
77
84
83
78
96
78
80
71
96
88
75
88
98
96
84
82
80
82
78
98
74
77
92
84
86
75
104
82
88
96
80
79
84
79
94
89
100
80
80
89
80
80
98
100
88
78
88
85
79
82
96
81
78
96
87
83
80
82
82
104
86
84
75
84
83
100
80
79
78
70
82
75
96
100
82
79
82
88
96
80
88
96
78
83
88
82
84
86
96
79
81
88
84
96
112
79
88
96
96
92
85
91
102
79
84
85
75
96
81
92
82
92
97
83
82
88
113
112
96
89
106
88
97
87
85
81
87
96
96
78
79
104
81
81
97
77
78
87
79
81
97
100
96
89
84
89
87
104
96
88
81
81
100
81
92
90
98
82
98
79
83
93
104
88
86
88
89
97
85
92
89
79
95
79
79
100
81
79
81
79
79
96
77
104
85
87
112
93
97
83
96
106
81
82
82
87
104
79
91
83
79
96
86
82
79
88
81
96
100
84
78
88
88
78
82
83
96
96
81
93
88
97
97
92
79
100
87
90
86
104
83
88
96
77
79
83
79
79
79
92
88
91
83
87
96
84
120
85
90
89
75
96
83
97
93
95
83
104
98
93
85
79
82
82
87
101
80
83
87
83
86
77
82
79
82
88
79
79
82
98
105
88
79
88
88
91
81
79
79
79
83
78
96
112
83
98
85
83
91
86
87
96
86
83
81
92
82
92
96
96
106
92
94
85
83
81
96
82
88
96
83
90
79
82
93
81
79
84
99
88
83
106
97
84
88
80
89
100
84
86
112
120
96
104
96
87
89
86
79
89
84
80
80
83
96
79
79
90
92
91
83
89
79
78
77
87
89
78
112
79
79
94
87
86
79
87
79
101
78
104
101
106
83
78
79
82
88
96
78
83
85
96
79
79
104
112
85
86
88
84
83
85
98
88
92
79
78
83
88
86
88
81
79
92
81
89
79
75
79
87
86
78
86
79
94
83
78
87
77
88
112
98
86
85
98
85
91
97
96
78
99
81
85
81
96
96
112
96
90
91
92
89
78
94
77
81
86
91
90
92
77
77
79
78
82
89
82
84
79
96
86
79
88
92
79
96
88
75
83
90
97
106
83
84
112
87
78
79
83
82
82
96
105
101
89
87
100
90
90
96
96
98
88
102
88
89
88
100
102
86
88
96
83
112
81
79
95
89
79
97
87
82
92
86
87
79
83
82
88
88
98
104
85
104
96
101
98
87
86
85
78
86
89
88
98
98
100
101
90
96
92
100
81
82
98
79
98
82
96
97
96
75
79
97
96
79
77
97
83
100
75
75
79
87
83
112
82
102
92
77
91
87
98
96
75
108
112
78
104
86
94
100
99
102
93
81
79
83
100
105
104
84
101
112
77
91
80
79
89
77
79
80
96
75
81
74
82
78
80
95
80
78
88
79
74
87
84
83
85
98
79
75
77
83
84
82
79
88
84
99
98
86
77
81
78
112
87
100
92
79
94
85
75
89
81
85
86
96
82
83
90
81
88
81
77
82
108
86
83
88
96
86
96
91
90
83
82
92
77
88
93
79
86
112
92
94
77
79
84
95
83
79
84
97
104
112
96
82
87
91
79
79
88
86
82
112
87
85
96
90
85
90
89
89
79
83
90
86
71
96
79
83
96
71
96
77
101
84
73
82
96
78
75
97
82
81
79
97
87
88
77
78
87
76
77
86
83
79
78
82
75
96
89
71
96
74
75
96
96
96
77
83
75
96
77
82
75
79
78
79
80
97
79
77
71
81
82
77
100
80
84
82
79
79
89
77
84
75
97
76
80
75
86
84
87
77
84
75
79
95
112
96
75
82
83
92
83
81
86
84
88
96
92
95
85
91
83
97
88
87
94
84
88
82
85
93
96
108
