89
96
87
87
95
89
87
92
97
89
89
93
88
87
96
96
85
87
95
87
87
87
87
91
91
91
88
93
92
90
97
92
92
86
91
104
91
88
98
91
95
95
94
86
88
95
95
92
88
88
104
95
87
92
94
91
87
100
96
84
81
88
89
87
86
83
86
101
96
87
92
86
96
90
86
86
91
94
87
102
96
87
79
91
87
90
104
99
86
104
89
96
83
87
100
87
96
96
101
87
88
94
92
104
87
90
92
85
100
90
100
88
87
95
89
97
89
85
86
100
96
96
104
88
89
91
86
88
86
91
85
92
97
88
93
97
87
87
91
94
86
98
96
90
90
92
89
87
85
92
87
97
101
85
98
83
91
85
87
93
92
83
100
91
102
87
87
91
79
88
96
96
96
96
89
92
95
93
96
96
94
94
87
89
86
92
94
93
88
96
96
89
92
100
96
91
89
85
86
91
89
95
112
98
89
98
86
85
92
87
87
98
87
83
84
96
96
87
96
88
88
96
87
89
91
97
87
87
96
87
86
87
89
83
92
87
97
104
91
89
90
89
90
93
88
93
95
87
97
90
97
92
93
88
91
92
86
79
92
87
97
104
89
102
86
83
90
90
90
85
85
89
86
83
96
93
98
96
79
90
86
84
89
94
96
89
89
89
92
93
98
89
97
87
92
92
92
93
96
83
96
85
97
89
94
94
86
90
92
91
85
91
96
87
87
99
96
88
87
90
87
90
86
88
91
96
93
90
86
100
90
92
96
92
96
85
90
96
92
87
87
92
96
86
87
96
83
91
92
96
88
87
89
86
87
86
100
85
96
96
97
98
88
86
87
92
87
96
104
87
90
96
86
89
85
86
98
96
97
87
96
98
92
88
87
92
90
96
89
89
92
96
94
96
88
96
97
96
89
95
87
89
94
96
83
92
87
89
93
95
92
92
96
97
95
88
88
87
93
96
96
91
96
90
91
91
94
96
95
90
94
83
99
91
87
87
97
87
97
89
99
87
95
86
94
87
94
87
96
86
89
92
89
96
87
85
88
98
83
93
96
96
88
87
93
86
83
92
92
95
87
83
89
89
86
96
87
96
96
86
105
87
98
87
87
88
87
96
91
92
95
90
92
92
93
96
100
91
91
100
92
87
90
86
87
87
96
99
92
95
92
91
87
88
88
96
98
98
97
89
92
90
87
90
94
87
89
86
89
88
88
96
88
96
96
90
100
96
88
87
87
95
94
89
98
96
92
86
95
93
97
89
86
84
94
91
89
96
102
89
92
91
98
98
87
92
89
98
94
86
97
91
96
96
92
97
88
92
92
87
83
96
90
87
89
86
85
83
90
92
87
89
83
94
88
95
96
91
89
89
87
100
94
92
94
91
94
89
96
88
97
90
86
87
91
89
90
91
93
90
96
96
91
93
88
90
97
91
94
97
87
98
96
91
90
95
90
92
91
87
96
94
92
95
92
87
97
92
88
87
97
93
89
83
98
92
86
89
91
104
98
87
91
104
92
92
92
98
96
92
96
96
99
96
87
94
91
87
89
92
91
91
96
86
83
87
92
93
96
87
96
90
96
95
93
90
98
88
88
87
98
96
91
92
86
96
97
89
90
87
89
95
91
97
99
96
96
94
108
96
87
96
96
97
87
96
96
91
101
90
98
91
88
96
87
87
102
99
89
96
91
96
92
100
90
88
91
91
94
92
93
93
79
87
87
89
91
97
86
86
98
96
84
92
96
84
93
99
94
89
91
88
87
85
96
87
88
90
91
89
89
92
93
92
96
96
90
89
93
90
90
97
90
83
88
86
87
89
93
97
92
92
85
93
91
92
96
90
89
88
96
87
90
88
86
96
96
87
93
96
96
87
98
90
84
93
89
93
90
79
92
89
90
96
92
93
100
94
89
90
96
94
96
91
89
96
92
87
94
87
100
93
97
98
93
92
91
92
88
94
89
96
97
91
89
87
90
91
92
92
96
92
96
87
89
100
100
97
96
95
96
96
94
93
92
87
91
93
96
87
100
91
94
97
91
100
87
92
87
91
89
89
93
87
91
88
98
97
96
95
84
89
96
91
89
100
94
93
87
96
95
87
93
91
94
87
100
90
96
96
96
91
90
87
96
85
94
89
96
89
96
91
85
96
92
85
97
89
96
88
95
96
94
89
89
87
94
94
93
89
87
92
96
98
88
96
92
98
91
92
87
91
100
91
97
93
91
87
96
88
90
96
103
94
92
96
90
92
96
91
96
96
89
98
90
90
90
92
96
92
96
90
91
94
100
86
94
87
91
87
91
97
92
93
90
85
86
92
89
91
93
92
94
89
99
92
92
87
94
98
90
90
98
94
98
92
89
90
94
97
89
96
96
92
92
96
91
93
91
100
94
100
104
97
89
91
90
87
83
99
89
91
98
91
92
101
100
87
87
93
94
91
89
93
102
89
90
88
83
96
94
89
90
100
100
91
87
96
90
88
87
85
97
89
90
96
90
94
91
86
87
97
91
96
95
91
