90
96
84
84
92
93
94
89
104
91
93
96
91
88
88
89
86
96
96
90
96
87
96
92
94
90
91
97
91
88
86
92
86
87
93
87
100
90
90
98
91
87
97
92
90
90
83
98
87
106
90
100
97
92
96
104
102
90
106
88
95
87
91
96
97
104
94
95
87
108
94
95
98
95
98
87
93
104
94
92
79
96
97
97
96
89
100
104
95
95
87
96
95
88
97
89
100
91
94
110
98
98
87
87
104
98
99
91
98
95
87
104
104
88
96
92
94
86
100
90
92
96
88
97
96
104
95
89
91
87
97
98
92
93
102
89
96
98
89
91
96
102
92
104
96
98
90
87
97
104
95
98
93
93
92
89
89
94
96
94
92
89
90
88
104
95
91
91
99
100
88
87
99
97
96
97
85
96
79
97
89
86
94
87
91
93
94
87
89
95
87
91
87
87
92
88
95
91
85
104
92
98
104
92
91
90
91
96
89
91
94
91
89
89
100
96
89
87
96
95
87
98
97
89
85
88
94
95
92
91
93
87
91
96
95
99
93
98
108
100
91
89
96
87
104
87
97
90
104
91
96
98
91
96
106
92
95
101
92
95
92
92
90
91
87
96
89
86
87
87
89
96
90
93
100
98
96
104
100
93
88
94
96
92
96
97
96
90
97
97
96
104
98
87
91
96
91
89
91
104
96
90
85
92
89
100
90
93
96
87
100
94
95
92
92
87
87
91
94
87
104
89
94
92
93
96
104
87
100
92
94
92
90
87
87
91
97
101
87
90
93
95
87
94
97
98
105
97
91
95
96
98
96
95
90
93
92
95
94
104
97
96
104
96
93
92
86
87
94
89
96
95
90
87
94
94
102
85
90
91
102
93
92
91
94
90
90
90
87
90
87
87
94
89
91
89
95
97
97
91
92
92
88
95
91
92
89
96
96
92
102
90
87
91
91
100
87
96
99
94
100
91
103
91
94
92
104
100
94
97
100
93
88
97
92
105
112
88
91
93
86
85
79
97
92
100
100
101
96
100
98
91
92
86
94
87
98
100
93
96
91
90
96
92
100
94
87
91
85
91
97
83
96
87
102
88
95
95
96
86
88
92
92
91
98
106
99
97
100
94
97
86
89
85
98
88
91
96
93
100
96
96
91
87
94
93
104
89
94
96
95
93
89
96
93
86
96
92
94
96
97
95
99
99
92
100
96
95
92
91
91
91
99
87
89
87
98
100
92
89
93
96
100
100
90
100
87
86
89
97
89
96
91
96
104
79
89
92
94
96
96
104
92
89
96
94
89
96
87
92
96
97
112
102
102
92
104
90
98
93
101
96
98
90
105
88
97
79
99
87
93
102
83
108
94
87
96
92
98
86
89
96
94
91
92
91
104
93
87
97
88
92
95
91
87
94
100
97
87
96
87
96
104
95
96
96
91
96
92
87
95
91
96
95
89
99
104
92
89
84
94
104
87
100
90
87
96
96
112
94
87
102
92
90
89
93
96
87
87
99
87
89
97
87
90
93
96
96
92
97
94
112
96
94
98
95
93
98
96
92
93
96
90
96
92
95
91
90
96
94
89
96
89
102
97
95
92
94
92
89
104
100
89
96
97
91
90
85
90
92
96
96
92
96
92
87
100
96
96
96
91
87
87
90
96
94
87
94
96
96
93
94
86
94
96
94
95
91
87
100
87
89
92
83
98
93
105
88
98
89
99
91
91
90
91
95
96
89
99
87
91
88
96
91
96
92
89
95
87
90
97
89
102
98
87
91
98
95
97
92
97
92
92
112
93
96
100
87
96
95
95
104
95
91
104
94
93
87
96
93
91
100
97
86
94
96
90
87
96
87
92
89
97
88
85
83
99
92
92
94
81
86
86
88
99
93
87
97
88
84
96
86
89
92
83
85
84
99
101
100
92
94
85
104
86
87
98
96
86
87
96
90
101
93
96
98
90
104
97
98
98
91
86
96
82
88
86
91
91
93
97
90
86
89
90
87
88
104
85
91
90
89
97
93
97
96
102
84
98
87
90
89
89
91
95
87
92
94
93
91
100
96
96
96
87
96
98
100
95
92
93
95
104
92
112
92
87
93
97
96
91
92
94
93
89
91
96
97
87
91
93
90
104
96
94
96
97
98
100
87
89
92
87
91
96
89
98
97
89
91
96
89
99
95
87
106
104
96
95
92
96
95
96
87
96
89
98
95
96
94
107
93
95
104
100
93
98
87
97
91
89
90
95
89
89
97
92
98
96
96
94
103
99
98
87
92
96
96
86
94
89
106
96
83
92
91
96
96
96
91
88
92
89
97
96
112
100
89
92
96
91
86
100
91
100
91
98
91
108
96
96
95
89
97
93
93
106
90
98
94
87
91
98
94
97
97
101
94
88
97
87
92
91
97
92
89
100
100
99
92
92
96
98
87
95
96
96
96
95
89
92
99
87
104
87
98
94
99
96
99
97
94
91
86
93
96
96
91
92
96
97
100
97
86
92
94
98
92
91
89
90
96
96
104
94
85
87
104
90
98
