61
65
61
66
63
59
63
61
76
55
58
62
63
55
55
65
60
62
67
73
61
63
62
61
68
65
63
61
63
62
60
59
61
65
55
68
61
73
58
61
60
73
63
59
70
65
80
63
59
62
69
72
68
76
62
74
62
65
62
59
76
67
59
68
63
71
63
67
67
71
67
67
63
69
64
63
68
63
73
63
66
63
68
71
67
81
63
72
62
69
72
79
78
63
71
65
72
76
66
80
61
72
63
69
77
63
73
63
63
65
61
63
76
61
68
65
61
63
59
78
72
66
73
72
63
71
68
74
67
62
69
80
67
80
67
80
69
63
68
64
65
69
66
65
74
63
66
62
72
69
74
70
65
63
67
72
63
70
72
71
72
69
63
72
65
74
72
72
62
72
59
72
72
62
63
80
68
62
67
66
78
63
63
64
62
64
80
63
63
74
68
67
80
69
76
72
66
71
65
70
67
64
65
67
69
63
69
70
63
63
81
74
69
67
78
67
61
69
61
63
76
67
69
78
67
63
63
63
63
77
68
63
65
61
63
81
65
67
72
78
63
63
71
63
72
80
67
67
63
67
68
64
65
80
66
68
68
76
65
61
76
65
63
78
72
65
72
68
66
63
74
70
63
66
63
65
75
72
61
62
67
80
71
69
68
63
71
73
68
71
68
66
69
74
66
70
70
67
72
80
77
68
71
63
67
80
67
69
65
81
67
69
70
65
63
67
72
68
61
72
80
63
72
63
80
70
74
69
61
63
77
68
72
59
69
68
72
63
72
72
63
70
63
62
71
68
73
65
72
63
68
65
63
63
63
64
63
71
69
67
61
63
74
80
70
63
61
65
61
70
69
63
63
72
66
66
70
74
72
80
61
65
63
69
71
70
67
73
80
80
88
70
72
65
63
70
72
61
80
68
74
66
68
76
63
65
62
63
68
73
63
63
68
76
63
71
64
63
73
69
64
80
69
78
65
63
61
80
72
80
68
76
68
61
66
75
67
71
68
80
66
68
63
67
66
70
63
68
68
65
71
76
82
71
72
80
78
66
65
72
69
70
66
73
66
61
74
63
63
63
80
69
72
68
70
67
64
63
67
64
63
68
63
65
69
63
67
70
63
84
69
82
63
62
72
63
62
70
72
65
62
68
74
62
76
63
72
65
61
63
73
61
63
72
66
80
59
66
70
72
61
74
67
70
68
71
68
71
63
72
69
63
80
63
69
71
63
66
80
70
59
63
74
63
68
72
65
65
65
68
66
65
69
63
80
70
80
70
72
74
72
60
63
59
70
76
69
61
65
63
64
63
67
69
71
80
69
63
76
63
63
62
63
71
68
67
75
65
76
68
65
80
69
61
63
68
69
64
72
70
71
63
63
74
62
70
80
63
67
80
63
63
63
61
67
65
63
61
67
62
72
72
63
63
63
62
71
67
63
80
62
80
69
72
62
70
68
78
65
72
65
63
71
63
63
63
68
64
61
65
64
63
63
76
76
63
70
67
74
67
63
62
65
63
65
69
63
62
68
68
75
63
72
63
63
66
68
69
67
65
76
63
67
63
66
72
70
63
62
75
73
80
78
62
67
66
77
62
65
68
68
77
63
63
64
66
63
63
70
70
77
71
68
63
80
62
77
68
62
65
61
80
65
68
68
73
65
66
61
67
63
63
63
73
63
63
63
71
69
65
74
72
63
76
66
79
62
78
62
71
66
67
63
78
66
67
80
61
69
64
62
70
77
67
65
59
66
70
69
66
68
62
62
55
70
64
62
72
75
62
63
70
67
71
64
69
80
63
62
70
63
63
69
63
63
64
66
67
63
63
74
65
75
63
63
80
63
62
80
66
65
80
63
71
63
72
63
70
72
80
72
68
70
62
65
63
70
65
61
72
67
73
65
66
59
71
80
63
62
65
74
73
65
62
68
74
62
63
63
67
63
73
68
63
62
72
74
67
63
78
63
64
63
72
67
63
70
62
63
59
65
63
63
76
72
55
66
63
69
63
63
68
70
62
63
69
73
69
61
60
61
61
68
68
64
63
71
64
72
63
74
63
64
77
62
72
63
59
62
63
68
67
69
72
68
72
64
74
63
59
80
68
80
63
66
72
72
68
63
59
59
59
72
65
65
72
69
62
72
62
61
63
61
69
59
64
66
63
65
63
80
67
63
65
67
63
63
66
59
80
62
67
67
67
80
62
64
80
70
71
62
73
80
74
80
63
63
59
63
68
63
63
68
73
61
63
74
68
80
66
80
66
63
61
61
61
80
62
62
62
69
61
66
63
74
62
80
61
69
72
72
70
63
72
65
72
72
68
62
64
63
61
65
74
67
65
70
71
63
67
69
69
73
67
70
67
64
70
67
63
62
63
62
74
63
63
74
61
63
65
68
72
68
59
60
59
65
62
80
59
67
72
65
66
66
63
64
70
63
66
72
76
72
64
76
70
66
65
74
72
62
67
67
71
62
77
72
78
72
63
64
63
72
65
74
66
61
63
63
63
65
63
73
63
63
63
67
66
