128
115
136
131
122
130
124
119
117
119
125
124
129
119
118
121
133
121
130
121
131
130
119
121
115
124
122
130
126
115
136
119
124
121
128
123
123
125
127
119
122
122
121
124
119
120
128
115
115
120
119
119
119
122
119
118
120
120
119
124
132
144
117
132
130
132
128
132
119
132
117
137
122
128
128
118
119
132
121
144
126
144
120
132
115
119
134
128
117
122
111
128
118
128
125
132
128
123
124
121
124
118
130
130
119
116
142
129
124
121
115
117
116
137
120
122
130
118
121
120
118
117
132
123
131
131
125
130
125
123
144
126
130
127
122
132
132
125
128
123
132
128
122
144
128
144
123
127
136
125
128
127
123
119
129
129
152
119
119
148
128
124
130
123
138
123
121
121
127
144
121
128
124
124
123
119
125
128
127
119
129
123
128
136
126
136
124
125
124
127
129
136
121
136
121
127
136
128
126
144
124
125
132
132
122
121
128
146
125
132
129
146
135
130
123
127
123
121
119
119
124
123
124
124
136
126
120
125
136
127
124
137
119
119
128
125
124
141
125
124
130
126
135
123
122
127
128
128
136
127
130
125
130
126
129
144
121
125
125
118
127
122
133
131
136
123
132
127
129
123
128
128
119
122
126
123
132
133
122
119
124
126
122
119
130
136
121
121
127
133
136
133
121
120
129
129
127
122
128
127
123
144
122
122
132
126
141
130
134
127
136
128
127
125
136
120
125
131
126
124
128
124
120
127
128
128
132
121
123
127
125
124
126
127
122
124
128
123
125
123
122
118
119
119
125
136
125
129
128
130
140
130
128
119
137
129
123
111
128
144
123
128
122
148
125
127
130
131
134
123
136
119
121
118
119
122
129
125
123
144
119
119
119
136
125
124
130
122
128
140
117
130
124
118
129
120
127
123
122
125
136
125
125
137
120
123
128
119
130
145
121
123
123
144
123
140
130
127
128
123
129
130
126
127
128
127
126
126
128
119
128
128
119
123
127
119
145
127
130
144
139
123
127
142
122
146
118
136
128
124
128
122
119
123
117
126
124
126
123
139
139
126
128
119
140
125
129
132
122
123
123
134
119
124
122
125
136
126
121
125
130
120
124
126
123
125
130
124
130
127
122
144
126
145
137
127
126
124
126
124
123
130
136
126
137
129
127
144
124
122
127
123
126
124
129
122
123
136
134
126
128
136
123
128
122
119
126
144
144
123
130
129
122
126
126
124
128
118
123
125
119
120
124
128
128
136
124
122
125
132
125
126
128
126
123
127
119
122
125
129
129
132
134
134
132
129
125
125
148
134
132
135
132
129
132
123
124
123
127
144
129
121
137
130
128
126
131
127
119
131
130
134
125
127
137
127
144
141
128
129
117
125
118
124
129
111
144
119
123
132
125
130
126
135
136
123
133
123
125
123
132
130
120
124
130
126
128
128
123
122
129
128
125
136
121
128
128
120
128
127
122
121
127
129
119
123
126
126
127
124
123
144
121
128
126
125
122
125
130
125
119
123
129
126
125
122
120
118
121
120
111
144
120
128
129
116
118
117
134
140
130
121
124
128
121
120
128
130
122
121
128
115
129
124
144
119
120
130
122
119
111
118
129
124
118
144
144
115
122
136
136
121
136
124
122
123
118
128
122
128
128
130
124
136
144
132
116
119
119
119
119
134
122
132
122
140
111
119
121
121
122
121
116
136
121
125
128
119
119
130
123
126
131
119
123
127
136
144
123
127
127
129
128
148
121
123
125
132
126
126
124
136
124
131
124
128
122
134
132
137
124
130
127
128
121
122
130
126
126
125
131
126
128
125
124
125
124
121
121
128
128
119
124
119
144
120
130
136
144
144
119
134
136
134
148
136
126
128
125
127
127
131
127
127
127
120
136
119
121
125
127
128
126
125
127
123
119
132
122
130
128
129
132
123
125
124
140
123
132
126
118
122
126
136
124
119
131
127
135
144
129
130
117
123
128
144
126
134
123
122
130
128
122
136
128
125
137
126
118
127
121
132
146
125
129
127
125
126
128
127
127
121
128
123
123
126
132
119
124
128
120
132
117
126
127
130
138
128
128
144
111
128
124
130
132
125
123
119
136
124
123
131
121
125
144
138
134
128
140
144
130
144
124
119
128
127
119
123
134
130
131
128
124
132
130
120
128
124
136
127
128
121
132
137
128
126
128
119
126
124
127
127
119
136
128
124
132
130
122
130
132
117
130
121
136
125
131
126
127
129
128
132
124
126
121
135
119
130
128
135
128
125
131
125
129
132
122
124
123
129
126
131
125
136
129
144
119
130
122
144
128
122
132
131
125
132
126
125
128
125
125
128
120
128
124
136
127
128
130
127
123
124
128
133
123
141
127
118
136
128
128
124
119
123
129
125
128
128
123
124
120
122
120
117
134
122
111
128
127
133
136
122
137
119
129
119
122
127
123
118
121
140
132
122
132
144
131
124
121
118
123
130
132
136
124
126
121
128
122
144
133
126
119
128
128
123
144
127
119
128
128
132
144
145
124
136
127
122
125
128
129
131
124
128
144
