51
52
46
55
47
51
54
53
56
56
53
58
61
51
56
66
51
60
68
52
72
57
54
60
51
54
56
55
57
57
57
49
47
51
52
64
47
64
52
52
72
68
60
55
51
54
50
53
64
55
64
51
50
52
57
51
50
47
54
54
64
62
57
57
55
47
53
56
51
52
64
57
56
56
47
56
55
58
53
54
56
53
57
65
54
59
47
64
55
47
52
65
56
59
52
62
66
56
55
54
57
55
60
57
49
62
59
57
58
54
47
52
47
53
58
51
53
49
53
62
62
53
55
59
58
72
64
64
67
64
64
55
55
60
61
53
57
62
55
55
60
59
60
58
70
47
47
58
57
56
54
62
66
62
64
58
63
54
68
56
55
57
64
72
51
59
55
59
55
55
64
64
57
58
63
64
68
59
52
72
68
56
60
52
53
58
55
55
61
51
71
64
69
61
67
55
56
57
71
64
66
64
60
63
58
55
64
68
56
53
59
61
57
56
57
57
54
51
52
60
59
64
72
61
64
55
55
57
64
57
61
56
58
68
61
76
64
62
58
55
55
55
72
53
55
66
59
56
51
56
55
62
64
55
53
64
66
62
64
53
62
57
64
59
51
60
51
56
62
61
60
60
55
55
51
55
57
58
64
63
55
59
60
56
62
55
64
58
62
68
57
56
63
69
53
52
56
51
55
64
56
58
54
54
55
60
66
65
58
60
60
64
68
51
64
65
60
55
64
53
61
64
57
57
55
57
68
60
55
55
68
53
55
60
55
64
60
56
63
68
56
55
64
55
53
56
58
80
59
68
62
56
64
55
54
60
56
59
47
62
59
64
57
61
56
64
64
56
64
57
61
57
64
57
61
60
54
58
62
69
54
64
58
64
68
67
55
55
64
62
64
55
53
63
64
72
55
62
57
55
64
68
53
55
51
55
65
58
59
56
58
65
64
54
54
55
56
70
57
61
57
54
57
64
68
64
59
57
58
72
58
58
56
60
55
66
51
64
57
56
62
57
55
60
64
61
55
57
54
62
60
65
61
59
51
53
55
60
72
57
66
62
60
62
64
54
57
60
60
67
62
53
56
65
56
72
60
56
62
55
57
63
55
51
58
65
58
64
55
57
58
55
61
68
58
55
56
62
60
61
60
57
53
59
51
55
54
62
56
58
58
60
54
56
58
61
55
60
63
60
58
57
64
54
52
59
61
66
62
53
67
55
53
58
62
65
56
63
64
55
67
64
62
56
55
64
61
59
56
55
68
57
59
52
62
59
63
58
60
64
72
65
60
53
63
55
57
54
58
55
80
59
51
68
59
52
58
58
54
67
59
64
55
64
54
57
64
64
65
58
62
64
53
56
55
58
80
55
62
51
64
58
64
72
64
60
54
64
55
55
62
57
64
57
61
55
55
54
55
54
47
67
55
57
69
55
64
57
63
55
68
61
68
53
62
59
58
58
58
59
64
55
58
62
54
53
53
60
60
60
56
59
55
56
53
65
57
67
58
59
62
57
57
56
56
64
57
66
55
64
61
58
68
64
60
59
63
55
64
65
63
64
55
53
65
64
56
57
66
55
53
55
49
53
60
54
55
72
64
55
55
55
59
58
62
55
54
67
64
61
52
64
60
63
61
61
55
60
74
57
61
57
64
63
64
58
64
72
55
59
56
61
66
59
56
58
65
53
64
51
60
64
58
64
55
64
54
54
64
55
56
72
55
59
53
57
55
64
68
55
56
53
60
64
62
60
47
57
65
55
57
54
60
60
66
57
53
64
57
68
56
64
55
52
55
55
54
54
64
55
66
54
66
57
59
59
67
59
55
69
56
61
54
53
62
57
58
53
53
57
54
59
60
62
53
60
66
65
72
56
55
62
55
64
55
55
61
64
58
65
73
55
55
60
60
55
64
80
58
58
64
54
56
51
55
54
58
59
55
59
72
64
64
57
51
47
60
56
64
53
64
64
66
57
63
62
72
55
55
60
57
56
64
59
66
73
64
70
65
55
59
64
56
55
47
60
58
59
55
68
55
80
80
58
65
55
54
68
54
53
53
73
56
50
64
64
64
57
62
56
66
55
53
65
57
56
64
60
57
64
58
58
60
58
50
54
62
51
62
64
55
51
56
60
72
62
62
65
56
59
58
57
63
56
66
64
57
61
64
65
64
64
56
56
62
59
72
62
61
53
59
59
65
54
64
55
69
60
64
57
54
54
64
64
50
58
58
57
57
66
64
58
53
80
63
55
57
64
55
60
59
62
65
54
72
64
56
80
64
66
68
60
56
65
54
65
54
57
60
55
59
55
59
53
54
61
53
51
71
58
58
64
59
53
53
66
54
50
60
56
55
64
57
55
55
64
53
57
57
60
57
70
68
64
64
58
55
56
57
55
55
64
54
55
56
62
57
60
61
60
68
64
59
51
55
50
58
53
55
58
54
51
64
67
51
65
65
60
58
59
55
58
61
60
58
58
58
55
56
64
55
61
58
55
65
72
53
65
58
57
60
56
59
66
57
60
53
55
62
61
68
55
