205
199
201
201
200
199
199
199
198
194
196
195
202
199
204
200
197
195
199
199
203
206
199
198
201
198
200
201
200
199
204
200
195
199
202
206
196
198
199
204
208
199
200
195
199
199
200
205
201
198
204
200
196
191
200
199
202
199
199
204
200
200
200
198
197
194
195
197
200
199
203
201
199
201
201
200
201
200
198
200
201
206
204
200
198
199
204
202
206
200
199
201
199
200
198
197
204
199
200
201
204
199
200
203
200
196
199
204
201
201
198
199
196
202
198
202
200
201
205
202
202
200
199
201
202
205
206
198
198
197
201
201
204
197
197
197
199
199
199
199
199
200
199
198
194
199
197
199
200
198
201
199
199
200
201
202
201
198
198
200
197
201
195
199
199
197
195
199
199
200
200
201
198
199
202
198
199
199
201
201
200
199
203
198
198
200
199
200
197
197
201
200
199
203
198
198
198
200
204
201
200
196
195
204
203
206
199
204
199
204
199
202
195
202
196
197
202
200
204
195
200
202
196
195
198
204
203
204
200
198
195
199
200
201
198
202
198
199
202
205
203
199
201
199
200
196
201
196
199
208
200
197
200
198
201
202
195
198
199
202
199
202
203
196
195
201
202
200
200
198
200
200
196
193
199
204
201
202
204
198
199
200
200
204
193
198
198
198
200
198
200
197
199
197
203
202
197
199
199
200
196
199
199
203
201
197
198
199
195
197
197
198
198
202
195
198
200
197
197
197
201
201
200
199
198
202
201
202
196
199
203
203
203
201
202
202
201
198
200
198
197
195
200
204
205
199
200
198
197
197
197
199
199
202
200
200
200
198
199
200
195
199
197
202
201
205
202
198
196
195
200
206
201
197
200
195
201
203
203
206
203
195
197
199
200
201
195
200
199
200
201
198
196
203
202
201
198
192
200
198
203
199
199
204
200
203
195
196
200
194
199
195
199
200
197
201
204
201
199
197
200
197
197
200
198
200
198
204
202
200
198
198
198
201
199
198
198
199
197
198
198
199
199
199
202
201
199
199
200
201
205
199
202
199
197
200
200
199
197
199
197
199
202
201
205
201
198
198
199
202
202
203
201
200
198
198
199
200
199
204
200
199
199
198
198
196
198
199
200
198
202
192
199
198
199
202
200
203
200
198
193
195
197
201
202
203
200
198
197
202
203
199
200
197
199
198
204
204
202
200
200
204
202
199
201
201
199
199
200
198
201
196
193
199
202
204
196
197
201
199
200
199
198
198
195
199
199
204
198
199
194
197
201
201
204
199
197
200
197
