89
100
94
96
96
113
103
93
112
91
93
120
94
107
116
102
128
117
95
116
128
112
128
91
128
112
91
128
104
110
93
128
93
96
92
100
93
96
105
94
114
95
108
100
99
112
89
128
105
93
120
105
128
97
128
128
102
95
102
94
95
93
101
95
98
92
87
79
105
91
92
100
98
112
95
99
93
95
112
117
95
91
112
95
96
99
87
131
128
103
95
95
97
112
95
132
136
128
87
98
94
130
106
128
114
104
116
112
130
103
128
99
101
99
102
87
130
96
100
95
92
97
99
87
96
97
96
101
92
100
94
95
90
95
92
91
104
91
128
104
99
87
92
104
95
104
104
96
97
100
103
95
91
128
128
93
94
91
91
91
89
93
97
128
100
93
113
103
93
94
95
91
112
99
128
112
93
100
108
95
130
87
96
128
104
95
104
103
101
106
102
99
108
94
108
117
128
108
129
101
118
120
117
95
115
116
95
112
100
95
95
103
128
109
128
120
91
94
98
112
131
97
95
95
93
110
93
83
109
129
98
104
96
91
128
87
87
114
128
120
94
99
100
128
94
107
97
93
91
112
102
128
92
104
87
97
87
91
102
128
93
100
91
98
94
94
97
100
112
111
128
95
93
128
113
128
94
98
93
98
91
95
116
128
100
95
97
107
95
101
97
105
91
94
86
92
90
95
100
112
99
87
91
113
113
91
132
94
105
97
114
104
99
98
112
98
121
91
87
112
128
128
97
95
112
93
128
104
92
95
92
91
128
112
112
128
113
96
103
92
87
94
100
88
112
128
103
100
112
128
114
100
128
100
94
120
112
95
97
112
109
102
93
112
108
120
101
114
112
107
102
100
117
95
95
112
104
129
105
102
105
121
112
120
95
120
128
112
128
95
103
93
95
99
99
100
95
116
114
102
95
95
110
114
92
104
112
108
128
95
102
105
122
100
113
106
99
128
108
103
95
95
105
117
120
132
124
96
96
103
124
92
100
98
129
112
130
95
95
118
100
101
102
112
104
103
103
97
105
95
98
99
98
97
110
105
102
95
91
88
93
91
91
91
89
93
98
106
94
93
94
95
99
128
91
99
113
90
107
87
91
93
91
94
94
96
95
91
105
100
87
102
98
107
95
96
128
89
102
95
95
128
95
100
96
112
94
100
91
104
96
98
100
93
87
100
100
112
95
95
94
91
104
95
98
112
97
97
92
94
97
94
128
97
128
112
132
100
91
91
100
96
93
96
114
95
102
96
108
89
95
94
121
120
104
98
108
98
111
104
128
104
111
95
104
111
99
122
103
102
99
128
111
104
95
107
97
110
108
106
100
112
104
106
102
95
128
114
95
107
102
112
99
99
113
102
97
99
95
99
97
105
112
98
104
95
95
103
112
117
97
128
91
105
105
112
93
128
95
95
113
99
108
109
108
94
106
99
96
104
95
114
103
105
95
107
99
93
99
104
97
108
105
93
132
99
112
103
108
100
95
104
95
95
100
100
112
97
98
128
112
120
95
99
119
97
96
124
108
101
112
128
95
101
103
94
123
101
104
128
105
93
100
120
112
128
108
95
97
102
103
95
94
108
96
112
112
120
102
95
90
126
99
105
97
128
116
113
116
99
128
120
110
120
100
102
95
113
110
113
115
114
97
113
95
136
103
101
128
128
95
119
98
95
116
129
104
95
97
112
128
100
109
95
104
100
108
100
107
112
106
99
100
91
128
128
90
93
97
87
113
100
97
132
94
91
100
93
100
112
93
102
91
92
128
104
93
112
98
99
106
100
95
92
94
100
95
90
92
92
92
110
102
100
92
96
120
108
94
93
91
113
98
91
105
90
99
91
96
98
87
94
94
112
93
108
93
94
128
91
94
100
108
96
100
92
95
91
98
100
101
112
91
128
96
110
95
112
116
114
112
95
102
132
101
97
126
95
128
98
128
129
128
101
100
99
101
120
112
104
106
98
94
95
128
106
129
116
95
95
99
94
112
93
104
94
112
112
97
128
94
112
95
112
102
96
116
101
95
101
128
99
99
102
114
104
114
110
106
128
103
128
99
112
96
112
95
95
99
95
128
95
93
105
112
101
95
105
95
128
112
100
115
95
105
96
128
107
105
108
101
87
95
95
99
110
112
100
111
103
108
120
116
112
103
91
117
99
105
108
95
99
105
98
101
91
128
128
104
95
94
113
112
98
104
112
101
111
106
105
93
104
95
93
95
91
108
109
113
108
104
128
95
128
108
113
128
120
95
122
95
102
95
120
111
93
124
95
99
113
120
103
129
93
94
112
98
104
112
93
103
128
101
98
98
130
128
128
97
113
114
122
99
92
95
94
95
116
116
103
105
118
108
112
110
100
100
93
94
93
100
128
106
123
124
104
109
105
95
106
100
98
95
128
110
114
95
95
99
114
103
128
116
101
102
96
103
105
98
99
112
108
95
98
100
102
128
102
100
119
103
95
112
95
105
104
97
102
113
91
128
91
91
93
87
98
116
112
104
87
95
97
102
90
91
100
