65
64
72
61
63
66
62
80
62
63
68
63
69
76
72
80
72
63
67
63
63
68
62
73
63
72
63
67
63
63
63
62
72
67
68
63
62
67
67
73
86
62
63
71
57
70
63
74
70
59
74
74
80
69
66
63
61
63
72
72
67
63
80
70
63
88
69
70
80
72
63
68
63
68
80
80
78
64
74
67
63
68
69
80
72
67
68
71
72
80
63
74
68
71
69
63
69
69
69
77
70
80
76
70
63
73
71
63
61
63
68
72
82
63
63
77
72
68
75
68
80
71
63
76
63
80
69
70
68
63
70
71
71
78
76
89
68
67
80
76
63
80
63
65
70
68
77
69
72
63
77
63
66
67
74
77
72
65
67
70
65
69
63
84
74
67
66
61
63
65
65
71
63
68
68
67
65
63
68
63
62
80
62
62
62
63
62
67
74
73
61
62
68
70
67
80
72
64
68
61
80
62
69
71
63
59
63
68
63
70
72
63
63
67
72
61
68
69
72
63
61
61
74
68
62
72
69
63
76
63
63
61
63
62
63
63
76
63
62
62
64
80
61
69
63
73
63
69
68
61
68
61
62
80
72
75
68
73
67
70
65
70
65
78
70
71
70
70
67
76
63
68
74
71
61
72
65
63
73
71
76
66
72
69
68
72
85
65
74
69
80
68
62
66
80
76
67
88
69
70
70
68
72
72
84
76
78
66
63
82
72
65
74
81
74
80
63
71
71
80
63
63
82
76
67
68
63
73
84
65
71
63
76
67
67
73
62
72
66
88
67
71
71
69
68
73
81
71
72
63
63
67
88
79
67
69
68
71
71
73
67
78
72
69
80
81
68
80
70
70
63
69
63
73
62
67
78
70
84
70
72
63
72
82
72
82
73
66
70
76
76
70
71
71
73
81
68
70
77
79
70
63
67
63
69
63
72
63
75
80
68
63
80
88
70
63
84
65
80
69
65
80
69
67
68
67
75
78
82
63
71
77
80
71
70
70
80
72
63
70
80
69
68
68
63
76
62
63
63
74
70
72
67
74
67
76
72
67
70
69
69
69
80
66
72
72
63
70
74
65
80
65
80
71
71
66
63
77
73
67
80
67
84
63
63
75
70
69
74
67
76
70
67
72
63
71
76
63
69
64
70
73
80
80
71
70
80
72
63
72
63
71
63
70
84
80
80
70
63
71
68
73
71
66
72
69
80
73
71
70
71
63
67
65
61
61
66
74
72
70
72
63
68
66
69
75
65
70
61
76
72
63
76
66
63
62
63
72
63
63
61
69
65
63
69
80
69
72
63
67
84
67
61
84
70
63
69
63
64
63
63
72
63
71
70
70
65
66
63
72
65
68
70
74
75
75
67
72
85
69
80
80
72
63
66
66
80
82
82
72
69
63
70
73
63
66
68
66
74
70
71
67
68
63
66
88
63
68
77
71
76
72
63
70
96
69
63
72
72
88
72
63
67
69
80
70
68
78
81
73
72
72
63
74
66
63
74
71
70
69
76
76
68
65
68
72
80
63
74
63
72
78
72
74
72
75
63
72
76
63
71
63
72
74
71
72
70
80
72
71
80
72
81
71
68
72
76
70
80
80
65
80
71
81
63
71
63
66
73
67
66
73
61
68
71
73
63
72
71
63
80
63
80
63
80
72
68
72
63
69
68
72
76
70
63
63
67
67
72
63
69
70
70
80
63
72
70
71
77
67
72
80
68
88
84
67
84
63
71
66
80
62
71
64
71
63
81
63
68
69
73
63
69
72
69
76
67
67
81
67
75
63
78
68
63
63
74
65
76
80
80
71
69
66
69
69
70
73
72
72
73
80
80
69
80
80
68
68
76
68
76
73
69
67
63
72
80
80
81
71
71
72
74
70
71
76
67
67
67
72
63
71
63
63
76
82
69
76
73
80
66
71
63
63
74
67
80
74
72
63
72
63
72
81
63
75
81
76
72
72
63
73
69
63
64
63
69
67
74
75
71
68
71
74
63
63
80
68
69
74
74
67
78
80
73
68
62
73
68
73
65
68
70
72
67
65
70
72
65
72
67
72
77
70
74
69
70
72
69
74
84
65
72
80
67
71
69
67
80
64
77
73
72
77
70
75
76
63
69
67
71
63
80
76
62
69
69
68
67
72
71
74
72
73
62
74
68
69
67
62
72
72
69
69
69
80
81
72
72
63
81
63
80
67
66
67
76
70
78
71
71
83
65
75
68
67
67
63
67
63
74
63
74
69
70
63
68
77
73
63
73
70
83
67
69
68
70
70
69
80
70
76
72
72
67
63
72
68
71
67
63
80
63
70
65
72
79
73
63
80
72
72
63
68
72
67
80
63
80
71
68
69
71
65
76
70
80
63
69
70
72
73
68
68
70
71
72
76
73
65
70
68
76
67
62
63
72
68
69
80
65
72
60
69
72
68
80
69
63
68
63
63
64
81
63
67
63
72
74
84
80
63
62
68
62
74
68
63
65
73
73
63
66
63
69
72
73
68
72
66
69
72
82
65
68
64
65
63
59
71
68
74
63
80
