99
99
101
101
103
103
105
105
106
106
107
107
107
107
108
108
109
109
109
109
110
110
110
110
110
111
113
115
116
119
119
121
121
122
121
122
122
123
122
123
122
122
121
122
120
121
119
120
118
119
117
118
115
115
114
114
113
114
114
114
114
114
113
114
114
114
114
115
115
115
115
116
116
116
116
116
115
115
115
115
115
115
114
114
114
114
113
113
113
113
114
116
121
123
128
129
133
133
135
134
136
135
135
134
134
133
134
132
132
130
130
129
129
128
128
128
127
127
127
127
127
127
126
126
126
126
125
125
125
125
125
125
124
