154
154
148
147
129
128
123
123
121
121
122
122
122
122
122
122
121
120
121
121
121
120
120
120
119
120
118
121
125
133
143
155
159
162
158
156
148
144
134
130
121
118
111
110
105
104
103
103
102
102
102
101
101
100
100
99
99
99
98
99
100
103
104
112
117
140
144
159
158
162
161
160
155
149
135
128
115
110
102
100
96
94
93
92
91
90
89
89
91
96
101
111
115
121
125
128
133
134
135
133
132
130
128
125
122
119
118
117
115
114
116
121
141
154
165
167
166
163
150
144
128
126
120
120
119
119
120
119
119
117
110
107
98
